-17,745951966450527	16,79027346445879	S9VI
-19,649934978772105	15,208257064702813	L4VII
2,0388507266812805	0,5943230805985609	Z4II
-21,63606446752928	15,7661672565543	Z8VII
-19,51043876106305	16,427317708734822	Z3VI
4,078770992054643	-0,5954271450882923	Y9VII
-21,461700818176574	15,264001268085567	L4V
-17,925720932049714	15,311010776276326	J8II
-21,58145796697901	15,615654483047651	J8III
-19,23287050486253	16,443361447297665	Y7III
-19,38414194070803	16,944738603170784	L2III
-20,39076174509992	17,077761614041002	Z7VII
-21,00278413745042	16,647372876073753	G7II
-19,193985771616138	17,16133088161185	Y4I
-18,322570484281847	15,127315034031458	N7I
-18,531137697188377	16,172067798816702	Y4VI
-21,845925556692123	16,95455345264002	L3III
-18,95334347362528	15,365071259689673	N9VI
-22,0410037162489	17,167641453745624	L6VI
-22,096787341190026	17,131601900541156	L1I
-22,418836683853474	15,83212340653309	S6VI
-21,7643977796839	16,700094061205718	Z1IV
-22,000190581179847	16,22057279046966	J3I
-21,939369779067917	15,856181877521099	G8VII
-22,06044584977465	17,0562808462661	Z7V
-21,496120077116014	17,25831283159258	N6VII
-18,622053329002537	16,321094494610847	Y1II
-18,490609251326482	16,096289944871454	N1VI
-22,560671377957497	16,818398266897542	L5I
-20,371290455068074	17,062543939036793	G9VII
-21,568062310880613	16,49986364456854	Z3II
-18,868822921245656	16,138645982592017	L9VI
2,8829145595011263	0,13082771431403573	G5IV
-19,374415731785483	17,171011316945805	Z2I
-22,42377073568698	16,431099970913305	J5IV
-22,051872444006477	17,056049773126347	L9II
-21,480294787921185	17,13418877585668	Z6VI
1,7848243303997104	-0,13089223155186125	S9IV
2,017212211640846	-0,2494178110889662	G3I
-21,12749232701348	15,428551703363212	Z3I
-18,041613499672472	16,543685531359355	L2VI
-17,830272052227322	16,19334585669295	N8VI
-18,098833786132253	16,807167740458137	L3IV
-17,863868863756508	17,251665717512083	N3V
-19,58336610279243	16,63265451229593	Y9I
-19,9398047606784	15,45066525849944	Z6IV
-20,775438664433683	16,224535375455975	Z5V
-20,196208480357576	17,021173850128058	L6I
-19,790749971897636	15,583460688427131	Z2VI
-20,422979971142635	16,16442946307815	G8I
-19,705874610506225	15,6726149680667	L6VI
-22,10106762684686	16,028793072968337	Z1V
-19,937998078364135	16,996521835821007	N7III
-18,06079614059024	17,03544062233345	L1III
-18,27176044857182	15,082824313300472	N2IV
1,698173401507957	-0,7052801581444821	N2VI
-19,739476088049365	16,993615710840757	Y6VII
-18,55412691796122	16,36145356644347	G2VII
-17,769595136494303	15,811420262001818	L2II
-21,940648769164778	16,540119361576547	Y5VII
-18,26091027855197	16,018263156222883	J1I
-21,059046810497065	16,64565514012626	N3IV
-22,64288203801964	15,916244560029858	L7III
-20,151688141085902	15,25694875298968	Z4IV
-21,105403863063326	15,84501876324851	J3I
-17,859438893888065	17,159941995036338	S7VI
-21,029860901331492	15,619948237394047	S1V
-20,47654976531232	16,253377129503246	J9VII
-21,34680533315615	15,987451021838	Z4VI
-20,335696640446365	15,95758709374414	G8I
-21,363724628965905	16,64754008701376	L6I
0,3428687398889444	-0,8822761982121201	N6VI
-19,179848567557723	16,503642018827318	J2III
-19,38461217896278	17,022598067393762	J6VI
-18,626916151692413	15,021140119089123	Z1V
-18,765057629188036	16,686495817409792	S4II
2,02426320297804	-0,42375432892161546	Y3VII
3,2744271495800854	-0,13552347646568075	L6VI
-18,361097277618782	15,733725092341345	Y8I
-22,31999105168788	15,913294565113626	N3VI
-20,59517946522286	15,800576369932665	L2V
-21,197501826581355	16,670126615023577	N6VII
-22,141499358487565	16,00711358685173	S8I
-21,244887270012075	15,559416760284106	J5VII
-19,539666380378936	16,25228413265782	J9IV
-20,00440740149278	15,75537093782455	Z5VII
-19,785825188078014	16,414390167953055	G4IV
-20,435046963685718	15,123654247677477	S7I
-18,38412786916323	16,686301537842283	Y9III
-20,753388563663574	16,93794092451504	G9V
-21,017664088580354	16,12055374269718	Y9I
-18,681838434037616	15,156629071792933	S9II
-19,558574505830702	17,22414148490286	Y3III
-20,08977697287894	15,742182626729885	N9I
-19,346131461672215	16,944721652429724	Z6I
-18,837497455471215	15,213095686267751	N6VII
-20,594672574517553	16,045254211174147	S2III
-19,379768111312664	15,597687047078672	Z2IV
-20,999731601536308	15,93539953038441	L6V
-17,848989346356635	16,6049697243523	Y9V
2,90972687674254	-1,2201920965233541	S3VI
-22,38105904391961	16,9752142508687	G3II
-21,015556727950063	15,345966831609852	Z4VI
2,2213836177397877	-1,0398832986571402	S5VII
-20,07298714295771	16,442939270478174	Z6IV
-22,606203953973242	15,549482708319301	N1VII
0,5084632219719138	-1,038163231358204	N2VI
-20,399573955926016	15,295082238153638	L6I
-21,13242084078678	15,29815968292823	S5IV
-19,959901654488405	15,174646294309763	S2V
-19,012241466333457	16,39293804430612	N3VII
0,44127856840791935	-0,9022006791789027	S5VI
-18,496616189890652	15,63093211156867	G2V
0,7898484334293749	-0,050218455826224195	J4III
-18,866906258038494	17,24039504461049	Y1V
-21,115219759610476	15,260771674577478	N9VI
-20,98320803863644	16,845143268956182	S6VII
-20,723017341733016	15,753394127930331	Z4I
-21,45570033299286	15,127436253253789	G9IV
-18,559966981309813	16,411215226626396	J9VII
-19,960637936005032	16,4364524239547	G2III
-20,8835091673403	16,76669309264589	N7V
-22,185928565047778	15,281224154896947	J5III
-20,575522409235735	16,420307354336458	G1V
-18,285107788304884	15,543141897079217	J2VII
-18,707517036138242	15,574609562273487	G5III
-20,798942152280492	16,932337340906976	G6VII
-18,16390040903206	16,092266476715967	S4I
0,37807153378885394	0,05488277542296238	Y7V
-19,062060054138247	15,711642328186043	L4VII
2,9065808170731264	-0,13598946468304218	J2IV
-22,545387175997618	15,319023986780536	L6IV
-19,97999545943953	15,840960607269507	N8VII
-21,30110590486104	16,07753389112754	L3VI
-21,216950175804257	16,907963044257336	Y8II
-20,46863680781482	15,67098466122029	L5VII
-20,52858846614544	16,90134357508633	Z3II
-20,72737712404707	16,11370420194031	S4IV
-21,524413781769205	15,889209005866583	Y5VI
3,555481277038352	0,6295881045881218	J8VI
-21,2099960962211	16,837866858901165	Z1III
-20,62191016797771	16,13133680022518	J7VI
3,415684713926545	-1,2938846173724774	N2II
-20,60066966181276	15,283752525693776	S2I
-20,609791185343035	16,892109881945373	L9II
-18,601071333193104	15,597679304417442	L2V
3,2214609208390024	-0,5578790401056891	J5I
-22,420313237513405	16,57131810915664	Y3VI
-18,137135327313885	15,834141280458736	S2V
-18,252851195950335	17,14393864815719	G5III
-20,72136055347442	15,481815148099065	S9V
-18,82084546626347	16,406540192678058	J9V
-19,70649707526624	16,019141813255427	G4V
-21,91328410916038	15,631640304611322	J3VI
-20,82883661784044	17,181180619792045	J7IV
-21,966732294951196	16,79214160744873	N8III
1,7615619443207806	-1,0345286284537016	S2VI
-20,569410544921993	16,57259931226372	L6I
-22,291615238102974	15,883131087805621	Y9IV
-20,58120407178111	16,26404649375503	S8VI
2,5029093383029073	0,7430370043676118	L8IV
3,76226433202878	-0,5905188984333553	L9III
-22,516548949576425	15,448812357937655	N1II
-19,1218443110528	17,04927987018218	Z4VI
-21,68563727442103	15,160785792704363	L9III
-20,18273812900542	15,921057905711598	S4VII
-19,577862778117613	16,51501242070518	Y6III
-22,12088276759002	17,145939902953884	S2VI
-21,38959577101857	17,274163428581787	Y3IV
-17,842559466445053	15,355678221818657	L4III
-21,058353167361563	16,279042176708707	N6I
-19,938400528831878	15,314142726885821	J2VII
-19,07466225119997	16,514857626578426	S7VI
-19,55032466622164	15,832417583003908	Z3III
-19,476552117317084	15,5789657119343	S6III
3,8360670337557865	0,30624558997242923	N5V
-17,724246024285442	15,972974363974707	Y1III
-18,231228956580317	16,50726624612582	G3I
-18,559820006509593	15,766764539430062	G4IV
-19,393096481205575	15,032525735158174	L9II
-18,80212388223359	16,392410717120388	Y8V
-22,541914245219996	15,810754904834196	L5I
-22,645784364638317	15,302803652957968	Y3VI
-21,8515941988132	16,786430315058	Z5I
-20,978389476452847	17,114169272123334	J5VI
-19,16280152805161	15,990536769214748	Y6VI
-21,950314314838746	16,894406581704267	L6V
-19,436067223882695	16,486000788332262	N1VI
-17,758411170946502	17,043905685305546	G1IV
-22,02696510395317	17,270369687721626	G4VI
-19,06114551462013	16,208854113206122	S8I
2,3180376499934585	-0,9553214127273538	Z1II
-21,759098055883413	15,197094743182468	N1VI
-17,970847206020036	16,89467251169322	Z8VII
-20,729274803388545	15,073720226512291	J5III
-19,41503096518844	15,30243870126761	G6IV
-17,946844263599626	15,819077286424914	L6VI
-18,514208824461377	16,650401435399875	Y7II
-22,212955852392078	15,48574773417398	L3III
-20,55704457598541	16,234005976399107	L9II
-18,13496849334698	15,456845136062235	Y4II
-18,20987733863209	16,504839488914964	Z1VII
-22,46860168971137	16,146090963372618	S1VII
-22,02361181908266	15,191466636676358	L3I
-19,36094338490501	15,837542640716041	Y9V
-21,772690247777557	16,726017647798454	Y3V
-19,362327008770862	15,268312831902639	L1IV
-21,31398797570101	16,43812497541965	J2V
-22,449495183369184	17,193088026300014	J9II
-21,107716290146158	16,485154349352193	L9III
0,30255242740582344	-0,3576691847848188	N1III
-22,347838615272654	16,84672260701592	Y1IV
3,6991970656438586	-0,48080099725826253	J6IV
-21,51828171654575	16,381412797909604	S5I
-20,484931501575197	16,821541659522765	Z3VII
1,131335653036829	0,3139702072248267	L5IV
-21,689615834588615	16,050851315551977	N8I
-18,02598222405124	15,645189233096014	G2IV
-18,108188927319915	15,698327031084512	N3I
-19,571124371195364	16,766393517709687	J3II
-20,59699809265631	16,207057533838007	L6I
-21,002680119669765	16,101300936376024	L7VII
-19,417558033468914	17,212812002616644	Z7IV
-18,760397005746697	15,363628472704333	S6III
-22,390757416618825	17,11316058259728	L2VI
-19,10343787218006	16,432700223014052	J4IV
-18,196324653283334	15,282359747629144	G7V
-21,081568091777847	15,940314305981252	N7V
-21,187585178816626	16,324994426493692	L9I
-18,561709210742727	15,193693308266914	Z4I
-21,922449229502003	15,697945227487429	Z1IV
-18,91793076677317	15,851480545981522	N7I
-18,51386656999039	15,710548152890322	G6II
-22,47597861882383	16,856022429009442	G9I
-20,639101190461993	16,081581546403132	S5III
-18,569393750015973	15,2839646305303	Y3I
-22,462017972063876	16,847318482434837	G4I
-19,721361082998722	15,703020089754641	Y6III
-22,163018854727756	15,930332494174843	L5II
-20,51221626845514	16,932938335327908	Z3VII
-20,5153191280355	15,643701731884097	J1VII
-20,04316135069398	15,944397523164145	G6III
-18,522600200926867	15,815944784177063	S8I
-21,10298919729418	17,17669017415831	J8IV
-20,348326986761645	16,369320677092325	J8VII
-17,964014008746197	17,143171703087702	L2V
-22,19572602761105	15,663287507406025	S7V
-22,58167935466634	15,928378322037844	N9II
-19,631306443275953	16,777248223964467	N8VI
-21,2443649639295	17,24983358144365	J6I
-22,27581185565405	15,469982114104711	G8VI
-19,515988443023506	16,109466718935934	L3VI
-20,556294591067974	15,703737093360862	L7I
-22,360204170355196	16,591097923841065	Z1VI
-19,67370948244157	17,0953414283278	L4III
-19,990491306769446	15,51059923962031	J2I
-18,876757785599168	16,84286220055606	G1VI
-21,42963595790075	15,75558331044142	J2III
-20,816939289641926	16,446207897496365	Y9VI
-20,604602243605807	15,553512919281225	S4III
-21,990293380943434	17,005619378128905	G7IV
-19,63244318020333	16,122951798283815	S4VI
-20,726354615808297	16,237977972823682	N9III
-20,76031189043486	16,821843602443927	Z3IV
-19,63170674810867	15,647797102754643	G9IV
-19,30290350242086	15,66381402735413	J2I
-21,026274729065562	17,022258376445883	L1I
-20,444928446722226	15,852837016341628	N5VI
-19,18694966909109	16,288791285693705	S3I
-19,860572736973985	17,18959372243544	G8II
-19,119098692988295	15,145964596541418	J9V
-22,6511897295128	16,530103940781483	J9III
-20,187286642790298	16,491691252491048	Y2I
1,9258862253619413	-0,2127602018901502	N3V
-18,02623352126566	15,735295370193722	N6VI
-21,876581680735853	15,58957227312295	N8III
-19,992578965780254	15,675593767559743	Z9VI
-20,630740524569624	16,227714793836814	L6IV
-18,693529597678754	15,226398696571042	S8VI
-17,84867581231746	16,35271275094774	J2I
-20,834536865591833	16,062144420614764	S8III
-18,63477176991362	15,4093229889302	J1V
-19,929237346018112	15,957271594729653	J5IV
-18,12025448657318	17,227744200617725	S5VII
-21,483054235108852	16,995036306417898	N3I
-17,743239972557856	16,734882979694014	Z8V
-18,475431634015	15,457688566633163	S8IV
-18,244975293382936	15,597291205731981	L8V
-22,252889820274778	16,61162109983558	J9II
-19,10030142100673	15,069764906699264	J7I
-21,895367430596583	16,91110722698826	G6V
-21,36501936978385	16,20361506945478	Z8I
-21,02044452141103	16,135283644737378	G8II
-18,008188543670798	15,947215685542169	N8II
-19,4596286010335	15,172845492829415	N1VII
-20,548597713910745	15,243308665835155	J6VI
-18,944510361107664	15,223779373277585	N5II
-22,310554441782198	16,150095740902323	S8VII
-19,29376518610475	16,537823647841424	N3I
-21,265597183836427	16,33625100107836	N6IV
-21,871775736159936	15,87469134994729	J7V
-20,74243618391404	17,09174673288272	Y4II
-19,754098817763623	15,823623144568234	N2VII
-20,48307821933456	16,009711146299306	Z5IV
-22,250328747264675	15,438674351380762	L3I
-21,00015883846816	15,953657225796604	Z8IV
-21,752777802974077	16,206893827265553	L7II
-21,720517382584397	16,25449046815437	J1II
-19,594797112201213	17,20335137503815	S6VII
3,74357212391749	-1,0338979017300676	J7III
-21,077272761100197	16,193741626900938	S1III
-19,94023448514958	15,103895834856736	L4I
-18,18514968397104	15,793724568553902	L1VI
-21,43482346867031	17,13253668127664	G6VI
-19,763921349479197	16,930435949005954	N3VI
-21,92223348523604	15,50659329148747	G8IV
2,9517465808551755	-1,020064528873249	G8II
-18,96757966554937	17,04981913208195	J1III
-19,787343008885024	15,158177622297744	J2V
-21,767833353457274	15,531087146425671	G7III
-21,943744315563833	16,676813919660372	J9III
-21,383411517152673	16,89579360676605	S4VII
-21,228463198866457	15,827794743379966	G8II
-22,203895648027217	15,991135372996673	Y1III
-21,661714544021354	15,135338245286658	J8I
-18,859872253209463	16,430578161085577	Y6VI
-19,816869089731536	15,409998924514632	S2IV
-19,135303926180814	16,57281726116019	Y3III
1,0723167050301545	-0,23970377451871028	J2VI
-21,20903910712567	17,22581669036515	G1VI
-21,43675473747204	17,058508057841387	G2III
-18,15928667070304	16,214600740503773	Y4II
-21,174299389652134	16,67089696949697	J1III
-21,20400476656906	16,0719327119171	J2VII
-21,46016300719391	15,595280186923734	J2II
-20,02841814925488	16,798869439098336	G3VI
-21,852031852516475	17,22647536110695	N9I
1,484527222503091	0,24276654507569373	G1IV
-20,446721398382984	17,179594882321044	J6III
-21,540744249850317	16,474025184145493	L1VII
-20,15853432976902	15,446406172604226	Y1I
0,5881850866283289	0,1345046404455288	N4IV
-19,317288167195027	17,14640830139693	Y7V
-18,85265880880226	16,43828258833435	Y2I
-22,519415627722033	16,965007878701403	N8V
-21,182869602075993	15,601597176032378	Y2VII
-20,55713801786383	16,89101597338022	Y3VI
-20,268270454021234	15,818012602198438	L6V
-22,467696603514412	16,8409470969521	N4I
-19,72113551454773	16,920404476391717	G8II
-18,62842731101182	15,43686751938325	N6I
1,5047617073442068	0,3454955576151464	J7VI
-19,25167415269917	15,404878485569368	N7VII
-22,205578981639217	16,020130463319212	Y4VII
-19,566650608200344	16,366727361796386	S1V
-19,427565401983063	16,672555986633174	Z8IV
-19,591140345654914	16,461252624995197	L6VI
-21,747937878840993	15,059051632489984	S1IV
-21,162024054150834	16,52642581367168	Y6VII
-18,33951710284674	17,004130528312896	Z7IV
-21,78064243906808	16,00186616248194	J2I
2,834332216257582	-1,2648832403271562	Y1V
2,79734484635185	-0,5716155309562209	N4III
-17,940281261745003	15,553593052677861	Z7I
2,0725425787151206	0,1067483980289865	N8VII
-18,707680867266966	16,035047029191347	S4I
-19,153826698450175	16,954136063834877	S1III
-22,469221966014054	15,279605200069936	G9V
-20,87367684212791	16,605439485592274	G7IV
-22,60258204621123	15,214918550883825	Z7I
-18,54203689777782	16,6285474707161	S1III
-18,99967266402387	16,356007979496173	N6IV
-22,355784803942615	15,60849100865484	Z4V
-22,565875394445484	16,62893604011443	Y7VII
3,502723477321741	0,5163185195514441	Z2I
-20,332355026153543	17,254957829177375	J2II
-20,011471782313055	15,020474959904039	Y7VI
-19,97147383976687	17,211315961440768	N1II
-18,802703077675055	15,877145140446576	N4I
-19,37628925207239	17,241696147505586	J4IV
-18,63262222576587	16,375104137873276	G3IV
-22,238030218073927	17,12144071594811	J6IV
-21,719803127287086	16,216290895187985	Y4II
-18,066836790037712	15,958943423475123	J2III
-19,233673429651766	16,269576269686656	L1II
-22,31558772136929	15,541994181476847	G1III
-22,090736272410332	15,639622846881544	Z2I
-21,093938947507258	15,15463995695648	G1II
3,99007437899877	0,17018023884346678	G6VI
-19,168566793977018	16,30623417906786	J5II
-19,690126138950188	15,157039822777307	N7II
-19,685511893666447	15,796567106257358	S3V
-17,872819269985555	16,315371297563566	Z8VI
-20,741795556342705	15,784481975618043	Z3IV
-19,5723397304858	16,36964485538534	L9VII
-19,059441447290734	15,110522436577156	S7II
2,9825539993878665	-1,0359968773272412	S7IV
-19,30945204665706	16,275421785866627	Y3IV
0,30476007882384387	-1,1545750915362376	G7V
-18,76025276427948	15,64690605666957	S9II
-20,834329490256128	16,088009996478075	J3VII
-19,14902807371016	15,179056589502279	N7III
-19,520765549078643	16,36202581602831	J9VII
-19,48931548319064	15,16617572468319	N2III
-20,35664985309383	16,816821269937535	Y2I
-18,600659828875095	16,303954171856947	N3IV
-17,83771392926397	16,170514357920695	Y8V
1,4321305006123608	-0,6317829434559473	Y9V
-20,273341871185085	15,925023308514891	Z4IV
-19,522375504274553	15,926344699499843	L3II
-22,21838873064439	16,294546786707077	G5V
-22,531415588700288	16,03809482974388	S4II
-20,474821843910966	17,1482615245515	L3II
-17,726432221615337	16,48309018878637	G5I
-20,11997220648541	16,527033995332904	L3IV
-20,862467730842035	15,248653567645416	S2VI
-19,19917080309417	16,423894086631936	Y2VII
2,53490150027437	-0,2257333140960911	Y6VII
-21,753430850920914	16,594854768389176	Z7III
-19,452365736348163	16,854311409834594	Z7IV
-21,958572529388338	16,843182630567096	Z7V
-18,87656151881998	15,78658139562998	S5I
-21,245718811545768	15,86216161853995	J5VII
2,0614729851693054	-0,4758192172146378	G8I
-21,286632484054326	17,05796686346394	N6V
-20,544949428924593	15,647685105931327	Y5VII
-21,245185065086734	16,785423612814064	S1V
-19,087779056252266	17,019828488354968	L3VI
-18,244675688029616	16,007660274022953	S6III
-20,424608257882856	16,47009618445428	Z8I
-20,078839737964234	16,00669197362681	Z4I
1,9203476168847204	-0,16154149500079806	N9III
-19,0902517205698	15,558259245018718	J7II
-20,445999641630877	16,357635717614098	S3III
-18,71478488765242	16,62879774495319	G4II
-22,59072565158689	17,23701984732995	S9III
-19,708996465828886	16,069531469789762	Y3II
-17,833849922067838	16,688049665905105	J8III
-18,29493262207094	17,27698571470508	J3I
2,207412510134886	0,7397466963704313	Z9IV
-21,082478572402252	15,237168278818503	N9VI
-17,781799421032478	15,974056582220825	S9VII
-18,760321942988032	15,820531506870175	Y1IV
-20,858470316130575	16,98423779942101	S7V
-21,686977356837605	15,862779463226344	J7II
4,221342094895052	-1,356260058987707	Y6VII
-20,006943547029948	17,062627544848613	J8VII
-21,98384087340809	16,33501825845248	S7I
-18,288022785384072	17,127067441207945	G3I
-19,17873095677411	17,254640276850697	J6I
-22,125614312822226	15,732253023802384	N4III
-22,246968190461626	15,584852243917037	Z4V
-19,761580565159687	15,98666713067099	Z2VII
-19,843188842061082	17,13141129637946	J1II
-19,52925568586201	15,914543668675947	G8V
-19,460769533566403	16,397228679209295	S2IV
-21,52205215636857	15,776609557000254	N4II
-18,641836005039007	17,227232669169695	Y4IV
-21,824416024627396	16,002121168788996	N2VI
-21,359858897228257	16,490530421034478	G4IV
-18,068414753436038	15,35736835225083	G3V
-19,370007700889897	15,55489657083787	Z1VI
-18,0575825358497	15,053368192688678	Z2I
-18,206377646260854	16,212112350271415	N4II
2,449798793456025	-0,6559476650631223	Y1I
-19,829697836393837	17,234860565229543	S3V
4,062448571254644	0,5024847654558697	L8IV
-22,49276009517967	15,300188208628269	N2VII
4,414322793906822	0,4598300417424488	G8VI
-18,914081580312015	15,711392841446964	N3VII
-18,787784515222192	15,330822946612754	Y5V
-18,155452528950267	16,662666993135993	Y1III
-20,194681036935744	15,917915578104708	G1VI
-19,323599777608113	16,137613401846956	N3III
-22,495423961966058	16,904771040268795	Z7II
-19,03674181550737	17,016192861921834	N3I
0,41027181174079724	0,5590326310753828	G7III
-20,3197750031862	15,648693837498511	Y9VI
-20,005436766535283	16,347061648074778	G8V
-20,81246754278999	17,177880073487188	G8II
-20,842403377499007	17,038903013407456	N2III
-20,28690127487792	16,232397426903862	L9II
-22,12068416427771	15,667857163152068	S3II
-17,921139933255038	16,698450790550577	Y6V
-22,615365023522685	15,069965999758166	N5IV
-20,742965879048185	15,307901186523292	Z2I
-19,199811294935895	16,218703549075407	J2II
-19,85617314186023	16,294091084677405	N2V
-19,582307422097422	17,024312525760056	Y3III
-21,58514337876085	15,664091608886464	L9III
-19,612605630036086	16,618862261486697	J6V
1,2571676943927699	-0,2398988924842178	Z1II
-22,549242463505585	17,10456688760258	N1I
-19,803327122814554	16,953763268926306	G3II
3,824250016386636	-0,29333294458901427	L7I
-22,43689991301316	16,344466229117053	J3III
-19,733834207451295	15,792569522201537	G7VI
-18,803887381205517	16,209195329333387	S8V
-18,17411955215178	16,565074267200906	Y4V
-20,55774830753946	16,41092161347335	L6IV
-21,14338575279569	16,8724935318432	G2III
-18,97260239084859	15,223763215501345	S9II
-21,142264431342902	16,49710349404409	L7VII
-17,897048719770584	15,470394416512601	G4V
-21,06847107871727	15,597009446024659	J4VII
-18,939943270033144	16,988064910214103	S4I
-20,097646543915285	15,424824456696541	G2V
-22,28942895131486	16,516254297471463	J3I
-22,487636685600982	16,930460891841605	G5II
4,161078459104164	-0,7848950622121575	G8IV
-17,791624213938057	15,132998564885735	L9II
-19,65790340497879	15,40252718849654	J4V
-21,345489767100105	16,511487198808137	Z4II
-19,414729595214602	15,504029527197927	L6IV
-19,354427457980393	17,1628021338293	J2III
-19,504130225266326	15,040104310697565	G7II
1,6235866873270748	-0,6511799933857051	S2VII
-22,181685121973025	15,335621648445736	G8IV
-21,252624743840197	16,886855326494288	G5VI
-20,522721076634923	15,702349545776322	S9VI
-21,211510521636544	17,200733105716395	N1II
-19,99847704885722	17,17352243016194	Y8III
-19,283434795675277	15,845508104501887	N1VI
-19,723156682220708	15,171095061343408	G7V
-22,103174029464213	16,234439988236648	N4II
-21,053729505367784	15,560460613234763	J4III
-19,704729955673418	15,141721836073753	S5III
-22,656716751699502	16,981310262919717	N9II
1,922943812815766	-0,07650013624251906	Z7IV
-21,681503092337227	16,692120874668415	G1V
-18,07338518499129	16,465921782581347	L6VI
-20,188134653153938	15,330816127317686	S4IV
-21,606615984870064	15,869564166920291	J3I
-19,55117079460516	15,057751152289919	G4VI
2,402717414689944	-1,2846998702193047	G6V
-19,55612394875246	15,79267199170412	N9VII
3,664401222245967	-0,35856912672750196	J6III
-20,475630392056857	17,22226960635906	Y3VI
2,3730381277025097	0,749319203710618	S1I
2,872819238359355	0,5911854889232826	J8V
-22,138970506154006	16,993515452428717	N7VI
-18,42682121404865	16,45581178218475	G4VI
-19,076715391929454	15,557593319263164	J6IV
-21,382628381979526	17,021125120044847	N5I
-20,68722705864384	16,789199075262623	L4VI
-22,558340240121392	16,153346938268708	Y7III
-22,200068796688655	17,064898978876162	Z4III
-21,69174324690622	16,578532327064647	N4VII
-19,775560884352497	17,2458891370397	Z2II
-22,426972746431947	16,62311370221774	L9V
-20,665363643598344	16,74148063334468	L7III
-18,494966771937012	16,691801808287465	Z3III
-21,52392322268117	15,108724366859366	J1VI
-17,970592514519627	17,272698995176142	L7V
-18,76909763297413	16,244035123745974	J5VI
4,429571267227204	0,07620372181755419	Y2IV
-20,486425777509044	16,58133271587325	N8VI
-20,470997851723034	15,971060693041004	J8III
-20,688358732056027	15,718716534969992	Y6II
-17,84295761905866	15,51987743254512	G8III
-18,555184799087684	15,084363802625989	Z1V
-19,963968763387033	15,607133420411667	S4III
-21,074302602976996	16,29033908746148	Z2V
-20,776266028600197	15,995985975740426	S4II
-17,863485833217418	15,517983280019882	S5VI
2,787157362122691	-0,7630260123379544	N7II
-20,36747610638039	15,233720421043573	L3VI
-20,553050448839212	16,908975096775805	N5III
-19,361929008542123	16,7414899115641	N8VII
-19,02945346628681	16,960928869876906	J8V
-20,131791330191017	16,299657656855675	Y1VI
-20,133889514027572	17,136547578857883	G3IV
-17,71262125556138	15,620247989283243	L3V
-19,576427976451026	16,07253795348597	Y7I
-20,062791729761386	15,4485564683602	S3VI
-21,098849160974584	16,743339124633493	Y3II
-18,75005823197924	17,240980034003584	Z7IV
-18,938752290594483	16,141065745998112	Z5V
-17,730798345310568	15,938456372693926	S1I
-17,791680529042306	15,519128234360807	Z8II
-20,14308349794466	16,049711893833386	J5VI
-21,740127354692117	16,260590202763648	L3II
-20,5422896254202	15,714758966266713	Z4VII
-22,359021602097677	15,82286020400568	S1V
2,9218304248174323	-1,198659521344812	L4IV
-22,156005081381466	16,706503711113125	Z7VI
2,0336511707385405	-1,1959442415468962	G5VI
-20,787241068925667	16,267871649858247	Z6IV
-18,564344158343346	16,76643463871263	N7VII
-20,156843376638598	15,837100640787087	G8II
-21,08126176835811	15,784835671505293	G4V
-19,663092860352574	16,91727928765896	Y1II
-21,80216345708623	16,92987389103765	Z2IV
-22,344606780225565	16,08041312071262	J2VI
3,9783257356708006	-0,6425095696007771	L5IV
-20,764231660293532	16,585754704297564	J5V
-19,506001113698563	15,67787068918596	L8II
-22,35135609800755	15,613895126179798	G3II
4,009579266926288	-1,4007055861334696	S5II
-19,173139272413103	15,22648990100856	Z4V
-21,744039901341605	15,38311377375139	G9II
-18,057954614852402	15,904048785620905	J2IV
-20,728898602513617	17,203640922105656	L6II
-18,98899886268117	16,089750953918	Y2V
-18,507883246286056	15,047739209852928	G6I
-18,275539972025104	15,529804898003755	G5III
-18,45406792876655	15,745267840662057	J6VII
-20,553547457944834	15,485169943416427	Z3II
-18,984372845497553	16,37331361482805	L2I
-22,23073062441275	16,102694027110516	L4IV
-21,12305091272957	15,623154384444085	J8V
-18,12794201436585	16,1044058032225	Y1I
-20,263002948994956	15,232197950256147	N1II
-19,39121652727609	16,552285962295763	J1II
-21,288469948800895	15,879849480208426	L2I
0,3775450653048846	-0,7497121209660018	S2V
0,37343769722474696	0,15960627205886935	Z5VI
-22,586407152664094	15,212336461102403	Z1I
-21,364097243086142	16,979327172502842	L6V
-18,25308280238167	17,185031572041883	N7VII
-21,09671432477344	16,40967098391819	Y5VI
-22,45405738421938	16,893500935787134	J5I
0,8223023983441491	-0,14060941384120196	S8V
-21,173920592755447	17,027335114195857	G9II
-20,976161021379284	15,442243489357226	S7II
-21,70671512533326	16,226303736891293	S2VII
-22,37815234695854	15,699699842211926	Z5II
0,7397840321069098	0,07865332176316264	Y4V
-22,303329904683046	15,79581732273996	Y3II
-22,198793010216733	16,906245967013195	G8V
-20,539139701180126	16,88493796162207	L3IV
-21,698091984222668	15,894173553784277	Y9IV
-20,96314325287611	15,86803368097274	Z7VII
-18,600722009623404	16,2973332371035	J5VI
-17,978043406617193	15,474338126303344	Z4II
-19,65829862241973	15,57882764405522	J6II
-22,291037913067637	15,11110191642812	Y5V
-18,611184294230306	16,11751398271774	Z2III
-21,81502746066081	16,349286417862302	N5VII
-21,900486742809463	15,745086642066594	Z7VII
-22,377087685442547	15,27093387188263	J3II
-20,437648535680772	16,975188941975517	S6VI
-17,80766090882849	15,825591888325304	N2III
-21,43785273161849	16,63493842636804	L1VII
3,349428423127525	-1,481293403460089	J2VI
-22,490406120707213	17,221356057241515	S6VII
-21,025140189527086	15,377914270648445	Z4IV
-17,889802415356748	15,562963856998534	J5VII
-18,51559578965689	15,03589898059219	G8III
-17,91071572370104	16,935450322460817	G1VII
-18,285130249890713	15,953931879071288	G8III
-17,959486978575537	15,893677499948744	L2VII
-21,876828354406573	15,322433964501599	Y3IV
-21,678414415091876	16,406865976562102	J7III
-19,92962795501423	17,192510788586738	J6VII
-20,121529960263327	17,007018969746717	G9VII
-19,200761199403352	17,157141996180652	J4III
-19,106017590430216	15,254092031348709	N6VI
-20,34962389606407	16,595651223518207	S8VI
-22,125078075844275	15,917227210213268	G1VI
-22,224427370200473	16,992581700906634	S2I
-22,44669082808381	16,264502863197336	Z5III
-19,146228247216705	16,043493065476795	Y2VI
-22,296135876739694	15,057482633729439	L7VII
-18,187681953115884	15,780149976278551	G6II
-20,966703606697724	15,681259269326187	S9VII
-19,331675536776743	15,117558159883488	N6VII
-18,49909095239441	16,309300907054226	J1V
-19,275354457583628	16,167937249083618	Z5II
-19,11170085980587	16,995527237932176	S5IV
-20,54380176518151	16,916052546219593	Z4III
-19,208537165976914	15,872436867678905	N8V
-20,324405385491588	15,901022352846276	Z5III
-19,939140867421745	15,614264245542055	Z1VI
1,0916130775898634	0,7493162674510727	L4V
-20,46358667871363	16,59157438730325	G4V
-19,384680957183225	15,787419854660223	Y4VII
-19,671466121078584	15,59923425391164	L8III
-20,047070130770052	16,231486880341755	L7VI
-21,144419786784194	17,21784201420919	G3III
-20,77349781379396	15,82644015846974	L4V
-20,55989872174369	15,530040616097764	Z7II
-20,822470108870952	15,05854060542949	L8IV
-22,313247948307595	16,8374736186284	G9V
-18,478506214528345	15,339395553532825	N2VII
-21,677812216347224	16,659428083915618	N1II
-18,895397541107585	16,943524440479536	Z3I
-20,358404324629785	15,871547280893568	J1V
-20,80264729794658	15,024157218222188	N6V
-20,689830433835418	16,270954755401476	Y2IV
-18,2454477896118	15,372430265675273	G6VI
-17,79893791869407	15,274515972047483	Y6V
-21,345198470854708	17,151396908472044	L8V
-21,20324089831569	15,568291715114377	L6III
-22,58624449362679	17,187676478503516	Y9I
2,883254374009454	-1,1739962022867556	S8III
3,709293638465452	0,232896359618201	Y9IV
-22,043242812303216	15,693359523952287	L8V
-21,364954397110782	17,266148103607694	J8IV
-22,266626247403085	17,081618181139454	J9IV
3,538592740744701	0,4227734224086801	Z4IV
-21,36410867578387	16,442366398717706	J5II
-20,688468541237874	16,534147933661455	N7VI
-21,835450236629086	15,687055952693974	S2VI
-22,541786788189267	15,239717749719706	L1VII
-18,625013353147423	17,20494305712047	G8I
2,646923710404124	-1,1227546796290393	Y8IV
-21,537605258978477	16,724298348445675	Y3II
-21,536075692053668	16,936343359833785	G8IV
-18,061782349128826	16,57654183511432	Y4VII
-19,815453063850917	16,63404224392142	J4II
-21,447315704603906	15,614287161888152	J2IV
-20,29423989965707	15,868567410398299	S7IV
-19,155709794686054	16,275669980995247	J7II
-21,297446284774814	15,747314732405961	S5II
3,114789720070983	-0,04447914432875888	L1VII
-19,81556041548587	15,907147749077355	Y1III
-19,68510732746614	16,794135812453593	L3I
3,9425465080440625	-0,914414836449395	L9IV
-21,078587615340997	16,867276794639842	L6III
-19,58419674343884	16,657350418111623	G7IV
-19,30450939774671	15,541758763186902	G5I
-19,248231194829902	16,31308571728417	J9V
-21,562023952105438	15,023343505638913	Y1V
-20,264629982205804	16,856529594098618	Y9VI
-21,51770339595544	15,441209453476715	Y8VI
-21,453906177365685	15,61340505307676	Z4V
2,0996584622551056	0,3775749013645837	Y5VII
0,8653246335143321	0,8094479098908787	Z7VII
-20,836200069751897	16,469099191628022	Y9I
-19,173691169529864	17,18361365491319	G9I
-19,427547439297886	15,595289051743638	G4V
-21,010926983333533	15,38189170940009	Z9I
-20,059521823007014	15,559948627881369	N4VII
-17,934955587183868	15,113304103328694	J1VII
-22,55024347036881	17,15259912249775	N8VI
-18,46171082177054	16,74769026155902	N8II
-22,217221730739617	17,183539845154122	Z3IV
-21,615398773320056	15,650200141329387	L9I
-17,770111365464942	16,013074084336548	L5VII
-22,47969456136851	16,43728107884922	Y4II
-22,430185614107266	15,820276625043437	N7I
-17,83759549790861	16,132815338736545	L2VI
-21,855220421867756	16,132554270939373	Y9VII
-17,706328751413203	15,405390723427923	J7III
-21,249529674341712	15,472597312560042	J4I
-19,050137180204942	15,350608476397046	L7VI
-19,073501759996272	16,822951952364566	G2II
-21,250560497433153	15,840055324364839	S1II
-22,244171089729512	16,972497125303246	G1I
-19,50198330385034	17,23971404090099	G4I
-20,571628457254207	16,78485013978807	N9I
-20,950133695851797	15,978146301013405	Y8V
-22,524460349283515	15,635705619335127	N3VI
-18,478793724668783	16,25983035641038	N5VI
-21,91798685793728	15,336589891451275	J8VI
2,0842675374656716	-1,086767757955292	G7IV
0,8315862597036144	0,48581342581507947	N4III
-20,990538445501393	16,08746224138483	G7I
-22,006531803503297	17,069448988163582	G7VII
-19,40769122201012	16,941932280525748	J9I
-17,842920971404773	16,93969440688892	N4I
-18,376411853992767	15,064569104849173	J2II
-19,78795215148127	16,58419484320003	G3V
-18,03092752901933	15,602528285095078	J1IV
-19,379207078311005	16,367194821548345	L7V
4,025297763656864	-0,8773560040059206	Y6VII
-22,630484197136088	16,535614720903283	Z8VI
-18,013440970187474	16,2146139059642	G5I
-17,968612436486097	15,75529894839304	J4VII
-18,14799527074652	16,973772197258334	G3I
-21,4325778859176	15,494493297171957	S4II
-20,558838360752254	16,757067931270846	Z8VII
-18,328283929210304	15,399053491174085	S3III
-21,67698686431999	16,10879787527969	J1VI
-20,905228028809134	17,032563842356975	J5IV
3,6743976627622277	-1,4644286194681124	J8III
-19,988929800470295	16,344592308445506	S3I
-22,342728897361987	15,79165452389172	J2VII
-19,79768947438705	15,368085867677745	G4II
-19,837324397941273	15,849983516194502	L5III
-20,434407496619823	15,735101087287338	G6II
-19,47245443729842	16,568661135795256	L3II
-21,42386071242365	15,358660091063808	G5I
-22,021714567665672	15,405685925499247	Y6VII
-19,875735137984453	15,06992342361094	Z6II
-21,522137868928496	15,877530507317445	N4II
-21,860548812476047	16,152336834634006	N5VI
-19,753317276968577	15,50697363495224	G9IV
-20,38771850581046	15,76334294455761	Y2IV
1,5582902961348615	0,08371478312506597	Y8II
-19,290863763539136	16,41675555376679	G2I
-21,68067665715886	15,941616324220185	L8I
-20,258467016364527	15,517920808135989	Z2III
-21,88236107844383	17,000078288307957	L9V
-20,313996515919285	15,148220983119904	J4V
-19,06922437607424	16,594654256397376	N8I
-19,96626806719126	16,289987503452178	S4II
-18,017111731705896	15,350837930941157	L7VII
-22,24020690017928	15,782908912967738	L6II
-21,82426784139721	15,751269031192983	G9VII
-17,821203165875403	15,403141290133684	L5VI
-20,23604923941332	15,534356157322659	N8VI
-18,175307996970417	17,13222934367501	J7IV
-20,9654467010693	16,268557200371315	J1I
-17,731402160415975	15,1687688068911	S9V
-18,539467677769235	16,130604990622267	G3VII
-18,16042363573941	16,623293638890264	G4VI
-21,58329163379934	16,37680893899765	Z1IV
-18,74137273020153	16,47167389825833	S2VII
-22,015317348463807	16,360298397782017	Z7IV
-20,360424446514312	17,220575026992815	N2IV
-20,379841619283845	16,659043612317383	G4IV
-20,367583241299958	16,04648155618269	Z9IV
-19,596032205231563	15,562073951181949	Z6V
-21,428905186003504	15,076556725503194	G5VII
-20,784608003043882	15,04480019452438	N1I
-17,9512127415394	16,93966192907201	Y2VI
-20,1381121346011	15,754683623248352	Y3IV
-22,39492931751067	17,16558568443549	G4I
-21,6035602420902	15,04900408278917	Y5VII
-17,926438856338095	15,89878036267036	Z3VII
-19,89756105400261	17,07897627562776	Z7IV
-19,07746544530971	15,801359558171121	Y2I
-21,212643939869245	16,921228815886135	J4III
-22,435719797625108	16,08125178496078	G2I
-21,10142014959885	15,408148861015173	J7VI
-21,05247722855622	16,812248577073596	N9II
-19,60567062164239	16,07259554905865	Y4V
-19,55096170307224	17,275898450674987	G9IV
-20,52342338150642	15,779302736653827	N1I
-22,12388581559331	15,30641706411569	G9II
-19,038257661405098	15,976073056245967	N2VII
-19,785981522304162	15,897573153801517	S5IV
-22,452814902009173	15,491379955497894	J1VI
-18,720274702916026	15,614750411816441	S3VI
-19,8770396261653	16,135362230837952	N2VII
-20,068790644536637	15,104442349544044	L2VII
-19,897365526390377	16,29432371143553	G4III
-20,676896960478917	17,083247402790445	Y5IV
-20,255003166846276	15,521978034010019	L6IV
-19,115075815048097	15,429500139377302	L3II
-18,877961127296025	16,86981488736126	S6II
-17,940236228614815	15,984556993952385	Y3II
-20,70185802662847	16,359395722759075	J1III
-22,056634378965313	15,188198715057704	N1VI
-19,954001758217313	15,516660074196086	N4III
-21,100991757917452	15,963739824615848	Y6V
1,5739472624582604	0,7311291664002098	N5II
-17,95584450352497	15,780263165776265	L4VII
3,6005962957003077	0,3430484028082228	J9VI
-21,084406145507575	16,716922113694874	G1I
2,6072875413375884	0,43507290184523906	G6VII
-18,628261507915095	16,3471890885841	J5VII
-21,53368332085774	16,628132113190066	S1IV
-21,022090130452504	17,2477635543297	N6VI
-18,29235193994556	16,348455862685757	G4VII
-19,463503304927464	16,263516306951317	Z2II
-18,109727066011857	15,772597007710358	S4II
-18,679106095353163	17,080853142598517	Z3II
-21,938106929887244	16,296955055602396	Y5II
-20,95979081393718	16,653630429297323	S7IV
-21,411452145262274	16,426668998776552	N1V
-20,536684616391415	16,74957710463435	G8VI
-18,800708913673095	15,704581032039293	L6III
-22,494330793194205	16,36457763129317	Y3II
-20,134338736244963	17,068698206854545	Z3VI
-17,929449677791254	15,451741617069306	S8V
-19,683685560453757	15,467144317103479	S9II
-18,72536838680438	16,8567225468197	J1I
-20,037809876503548	15,659438292180019	J9VI
-22,110390632780966	16,603264657004537	Z8VI
0,9769410693626372	0,26934243146117787	G6I
-20,593157597024238	15,379868115082289	J2II
-22,194433185828316	17,232933016230426	Y4I
4,015678183203822	-0,7200436888977868	J9III
-20,188737691881844	16,988562900152242	J4VI